104.55 27.80 0.00 4.8110
104.60 27.80 0.00 5.1300
104.55 27.85 0.00 5.3080
104.60 27.85 0.00 5.2860
104.65 27.90 0.00 5.1150
104.50 27.95 0.00 5.0850
104.65 27.95 0.00 5.4350
104.70 27.95 0.00 5.4160
104.85 27.95 0.00 5.0520
104.90 27.95 0.00 5.0870
104.50 28.00 0.00 5.2050
104.55 28.00 0.00 5.0690
104.60 28.00 0.00 4.9530
104.65 28.00 0.00 5.1980
104.70 28.00 0.00 5.0730
104.75 28.00 0.00 5.2070
104.80 28.00 0.00 4.7950
104.85 28.00 0.00 4.9150
104.90 28.00 0.00 5.0770
104.95 28.00 0.00 5.1100
105.00 28.00 0.00 4.8020
104.45 28.05 0.00 5.2370
104.50 28.05 0.00 5.1880
104.55 28.05 0.00 5.0270
104.60 28.05 0.00 4.9060
104.65 28.05 0.00 4.7540
104.70 28.05 0.00 5.2890
104.75 28.05 0.00 4.7350
104.80 28.05 0.00 4.9480
104.85 28.05 0.00 5.4080
104.90 28.05 0.00 5.1330
104.95 28.05 0.00 6.0650
105.00 28.05 0.00 4.6690
104.45 28.10 0.00 5.0680
104.50 28.10 0.00 5.0940
104.55 28.10 0.00 5.2430
104.60 28.10 0.00 5.3640
104.65 28.10 0.00 4.9250
104.70 28.10 0.00 5.2740
104.75 28.10 0.00 4.8390
104.80 28.10 0.00 5.3400
104.85 28.10 0.00 5.6740
104.90 28.10 0.00 4.8700
104.95 28.10 0.00 4.5750
105.00 28.10 0.00 4.6530
105.05 28.10 0.00 4.6000
104.40 28.15 0.00 5.1620
104.45 28.15 0.00 5.0140
104.50 28.15 0.00 5.3130
104.55 28.15 0.00 5.4010
104.60 28.15 0.00 5.7020
104.65 28.15 0.00 5.2180
104.70 28.15 0.00 5.0310
104.75 28.15 0.00 6.2410
104.80 28.15 0.00 5.0640
104.85 28.15 0.00 4.9550
104.90 28.15 0.00 5.8440
104.95 28.15 0.00 5.8260
105.00 28.15 0.00 5.4170
105.05 28.15 0.00 4.6550
105.10 28.15 0.00 4.9180
104.45 28.20 0.00 4.9630
104.50 28.20 0.00 5.3190
104.55 28.20 0.00 5.2790
104.60 28.20 0.00 4.8650
104.65 28.20 0.00 4.7550
104.70 28.20 0.00 5.2790
104.75 28.20 0.00 5.1940
104.80 28.20 0.00 5.2060
104.85 28.20 0.00 5.2980
104.90 28.20 0.00 5.1720
104.95 28.20 0.00 4.6040
105.00 28.20 0.00 4.3090
105.05 28.20 0.00 4.5680
105.10 28.20 0.00 5.4100
104.45 28.25 0.00 4.7320
104.50 28.25 0.00 4.8340
104.55 28.25 0.00 5.1860
104.60 28.25 0.00 5.3300
104.65 28.25 0.00 5.3470
104.70 28.25 0.00 5.2740
104.75 28.25 0.00 5.2000
104.80 28.25 0.00 4.8730
104.85 28.25 0.00 5.3000
104.90 28.25 0.00 4.9110
104.95 28.25 0.00 4.9480
105.00 28.25 0.00 4.5880
105.05 28.25 0.00 5.1220
105.10 28.25 0.00 5.6330
104.45 28.30 0.00 4.7320
104.50 28.30 0.00 4.7540
104.55 28.30 0.00 5.0110
104.60 28.30 0.00 5.0410
104.65 28.30 0.00 4.8680
104.70 28.30 0.00 4.9020
104.75 28.30 0.00 5.2360
104.80 28.30 0.00 5.6870
104.85 28.30 0.00 4.8440
104.90 28.30 0.00 5.6000
104.95 28.30 0.00 4.3980
105.00 28.30 0.00 5.3720
105.05 28.30 0.00 5.4910
105.10 28.30 0.00 5.8200
105.15 28.30 0.00 5.8200
104.50 28.35 0.00 4.3800
104.55 28.35 0.00 4.7540
104.60 28.35 0.00 5.1110
104.65 28.35 0.00 4.9820
104.70 28.35 0.00 5.2100
104.75 28.35 0.00 4.8670
104.80 28.35 0.00 5.1490
104.85 28.35 0.00 4.7460
104.90 28.35 0.00 5.3350
104.95 28.35 0.00 5.6800
105.00 28.35 0.00 5.1110
105.05 28.35 0.00 5.2640
105.10 28.35 0.00 5.4220
104.50 28.40 0.00 4.6220
104.55 28.40 0.00 4.8540
104.60 28.40 0.00 5.1450
104.65 28.40 0.00 5.1550
104.70 28.40 0.00 4.8610
104.75 28.40 0.00 4.9860
104.80 28.40 0.00 5.2910
104.85 28.40 0.00 5.6040
104.90 28.40 0.00 5.3440
104.95 28.40 0.00 5.4650
105.00 28.40 0.00 5.2480
105.05 28.40 0.00 5.0120
105.10 28.40 0.00 5.1310
105.15 28.40 0.00 4.9510
104.55 28.45 0.00 4.7760
104.60 28.45 0.00 5.2780
104.65 28.45 0.00 4.8270
104.70 28.45 0.00 5.3750
104.75 28.45 0.00 4.9890
104.80 28.45 0.00 5.4890
104.85 28.45 0.00 5.0020
104.90 28.45 0.00 5.0240
104.95 28.45 0.00 4.5380
105.00 28.45 0.00 4.6150
105.05 28.45 0.00 4.9010
104.55 28.50 0.00 4.8630
104.60 28.50 0.00 4.9210
104.65 28.50 0.00 4.3870
104.70 28.50 0.00 4.5370
104.75 28.50 0.00 5.3890
104.80 28.50 0.00 5.4180
104.85 28.50 0.00 5.0440
104.90 28.50 0.00 4.6940
104.95 28.50 0.00 4.3730
105.00 28.50 0.00 4.5870
105.05 28.50 0.00 4.6390
104.60 28.55 0.00 4.3930
104.65 28.55 0.00 4.6350
104.70 28.55 0.00 4.1970
104.75 28.55 0.00 4.3660
104.80 28.55 0.00 4.0820
104.85 28.55 0.00 4.4560
104.90 28.55 0.00 4.2830
104.95 28.55 0.00 4.1000
105.00 28.55 0.00 4.4420
104.60 28.60 0.00 4.3590
104.70 28.60 0.00 4.2640
104.75 28.60 0.00 4.7990
104.80 28.60 0.00 4.3850
104.85 28.60 0.00 4.5730
104.90 28.60 0.00 4.5290
104.95 28.60 0.00 4.2540
105.00 28.60 0.00 4.7510
104.70 28.65 0.00 4.3600
104.75 28.65 0.00 4.7500
104.80 28.65 0.00 4.6750
104.90 28.65 0.00 4.6300
104.60 27.80 1.50 5.2880
104.55 27.85 1.50 5.6240
104.60 27.85 1.50 5.6280
104.55 27.90 1.50 5.3890
104.60 27.90 1.50 5.1720
104.65 27.90 1.50 5.1010
104.85 27.90 1.50 5.4990
104.60 27.95 1.50 5.4830
104.65 27.95 1.50 5.5760
104.70 27.95 1.50 5.7920
104.75 27.95 1.50 5.2870
104.80 27.95 1.50 5.6300
104.85 27.95 1.50 5.3810
104.90 27.95 1.50 5.3220
104.50 28.00 1.50 5.4680
104.55 28.00 1.50 5.5260
104.60 28.00 1.50 5.3430
104.65 28.00 1.50 5.3250
104.70 28.00 1.50 5.1930
104.75 28.00 1.50 5.1020
104.80 28.00 1.50 5.4200
104.85 28.00 1.50 5.2050
104.90 28.00 1.50 5.2650
104.95 28.00 1.50 5.5410
105.00 28.00 1.50 5.5260
104.45 28.05 1.50 5.3570
104.50 28.05 1.50 5.3590
104.55 28.05 1.50 5.1340
104.60 28.05 1.50 5.2600
104.65 28.05 1.50 5.2540
104.70 28.05 1.50 5.1830
104.75 28.05 1.50 4.9340
104.80 28.05 1.50 5.0170
104.85 28.05 1.50 5.2490
104.90 28.05 1.50 5.2220
104.95 28.05 1.50 5.8590
105.00 28.05 1.50 4.8720
105.05 28.05 1.50 5.2210
104.45 28.10 1.50 5.1730
104.50 28.10 1.50 5.2210
104.55 28.10 1.50 5.4800
104.60 28.10 1.50 5.4050
104.65 28.10 1.50 5.0980
104.70 28.10 1.50 5.1200
104.75 28.10 1.50 5.2020
104.80 28.10 1.50 5.4810
104.85 28.10 1.50 5.4130
104.90 28.10 1.50 5.3800
104.95 28.10 1.50 5.3720
105.00 28.10 1.50 5.3390
105.05 28.10 1.50 4.9200
104.40 28.15 1.50 5.4140
104.45 28.15 1.50 5.3670
104.50 28.15 1.50 5.3570
104.55 28.15 1.50 5.4590
104.60 28.15 1.50 5.7650
104.65 28.15 1.50 5.2240
104.70 28.15 1.50 5.2750
104.75 28.15 1.50 5.5250
104.80 28.15 1.50 5.1730
104.85 28.15 1.50 5.2540
104.90 28.15 1.50 5.2330
104.95 28.15 1.50 5.4740
105.00 28.15 1.50 5.4480
105.05 28.15 1.50 5.4490
105.10 28.15 1.50 5.1990
104.45 28.20 1.50 5.1960
104.50 28.20 1.50 5.2360
104.55 28.20 1.50 5.5230
104.60 28.20 1.50 5.3550
104.65 28.20 1.50 5.2850
104.70 28.20 1.50 5.4020
104.75 28.20 1.50 5.4060
104.80 28.20 1.50 5.3240
104.85 28.20 1.50 5.3210
104.90 28.20 1.50 5.2550
104.95 28.20 1.50 5.1200
105.00 28.20 1.50 4.9990
105.05 28.20 1.50 5.4780
105.10 28.20 1.50 5.5720
104.45 28.25 1.50 4.9730
104.50 28.25 1.50 4.7570
104.55 28.25 1.50 5.0360
104.60 28.25 1.50 5.0470
104.65 28.25 1.50 5.2960
104.70 28.25 1.50 4.8780
104.75 28.25 1.50 5.0690
104.80 28.25 1.50 5.0500
104.85 28.25 1.50 5.2250
104.90 28.25 1.50 4.9980
104.95 28.25 1.50 5.3090
105.00 28.25 1.50 5.3160
105.05 28.25 1.50 5.5820
105.10 28.25 1.50 6.1610
104.45 28.30 1.50 5.0240
104.50 28.30 1.50 5.2500
104.55 28.30 1.50 5.2810
104.60 28.30 1.50 5.1480
104.65 28.30 1.50 5.0670
104.70 28.30 1.50 4.9540
104.75 28.30 1.50 5.1400
104.80 28.30 1.50 5.2390
104.85 28.30 1.50 5.4850
104.90 28.30 1.50 5.3580
104.95 28.30 1.50 4.8430
105.00 28.30 1.50 5.7180
105.05 28.30 1.50 5.5780
105.10 28.30 1.50 5.8570
105.15 28.30 1.50 5.9690
104.50 28.35 1.50 4.7430
104.55 28.35 1.50 5.2780
104.60 28.35 1.50 5.2940
104.65 28.35 1.50 5.4870
104.70 28.35 1.50 5.0900
104.75 28.35 1.50 5.4210
104.80 28.35 1.50 5.2830
104.85 28.35 1.50 5.1580
104.90 28.35 1.50 5.6500
104.95 28.35 1.50 5.7590
105.00 28.35 1.50 5.3220
105.05 28.35 1.50 5.4170
105.10 28.35 1.50 5.4540
105.15 28.35 1.50 5.4880
104.55 28.40 1.50 5.4310
104.60 28.40 1.50 5.6210
104.65 28.40 1.50 5.0780
104.70 28.40 1.50 5.4440
104.75 28.40 1.50 4.8650
104.80 28.40 1.50 5.3440
104.85 28.40 1.50 5.8210
104.90 28.40 1.50 4.5870
104.95 28.40 1.50 5.9220
105.00 28.40 1.50 5.2770
105.05 28.40 1.50 5.4120
105.10 28.40 1.50 5.4660
105.15 28.40 1.50 5.1330
104.55 28.45 1.50 4.9210
104.60 28.45 1.50 5.2020
104.65 28.45 1.50 5.2990
104.70 28.45 1.50 5.0640
104.75 28.45 1.50 5.4270
104.80 28.45 1.50 5.3580
104.85 28.45 1.50 5.1600
104.90 28.45 1.50 5.0530
104.95 28.45 1.50 4.8510
105.00 28.45 1.50 4.7800
105.05 28.45 1.50 5.0420
105.10 28.45 1.50 4.8070
105.15 28.45 1.50 5.1550
104.55 28.50 1.50 4.9640
104.60 28.50 1.50 4.8060
104.65 28.50 1.50 5.3200
104.70 28.50 1.50 4.7360
104.75 28.50 1.50 5.2540
104.80 28.50 1.50 5.4190
104.85 28.50 1.50 4.5410
104.90 28.50 1.50 4.7650
104.95 28.50 1.50 4.5880
105.00 28.50 1.50 4.8780
105.05 28.50 1.50 4.7960
105.10 28.50 1.50 4.7380
104.60 28.55 1.50 4.4920
104.65 28.55 1.50 5.0310
104.70 28.55 1.50 4.8020
104.75 28.55 1.50 4.7420
104.80 28.55 1.50 4.9120
104.85 28.55 1.50 5.0640
104.90 28.55 1.50 5.1440
104.95 28.55 1.50 4.8480
105.00 28.55 1.50 5.3280
105.05 28.55 1.50 5.0200
105.10 28.55 1.50 5.0840
104.60 28.60 1.50 4.6300
104.65 28.60 1.50 5.1510
104.70 28.60 1.50 4.5380
104.75 28.60 1.50 5.1090
104.80 28.60 1.50 4.9890
104.85 28.60 1.50 4.9470
104.90 28.60 1.50 4.8050
104.95 28.60 1.50 4.5610
105.00 28.60 1.50 4.9610
104.75 28.65 1.50 4.8670
104.80 28.65 1.50 4.9600
105.00 28.65 1.50 4.7840
104.55 27.85 3.00 6.0320
104.60 27.85 3.00 5.7760
104.65 27.90 3.00 5.4620
104.65 27.95 3.00 5.5250
104.70 27.95 3.00 5.7780
104.75 27.95 3.00 5.3430
104.80 27.95 3.00 5.6530
104.85 27.95 3.00 5.6030
104.90 27.95 3.00 5.5930
104.50 28.00 3.00 5.8480
104.55 28.00 3.00 5.8080
104.60 28.00 3.00 5.9130
104.65 28.00 3.00 5.5800
104.70 28.00 3.00 5.8890
104.75 28.00 3.00 5.3970
104.80 28.00 3.00 5.6470
104.85 28.00 3.00 5.8380
104.90 28.00 3.00 5.7740
104.95 28.00 3.00 5.5020
104.50 28.05 3.00 5.4420
104.55 28.05 3.00 5.3430
104.60 28.05 3.00 5.4490
104.65 28.05 3.00 5.3360
104.70 28.05 3.00 5.4600
104.75 28.05 3.00 5.3580
104.80 28.05 3.00 5.6810
104.85 28.05 3.00 5.6240
104.90 28.05 3.00 5.7120
104.95 28.05 3.00 5.1020
105.00 28.05 3.00 5.6890
105.05 28.05 3.00 5.5050
104.50 28.10 3.00 5.4740
104.55 28.10 3.00 5.6100
104.60 28.10 3.00 5.3450
104.65 28.10 3.00 5.4580
104.70 28.10 3.00 5.2630
104.75 28.10 3.00 5.2770
104.80 28.10 3.00 5.4820
104.85 28.10 3.00 5.5530
104.90 28.10 3.00 5.2650
104.95 28.10 3.00 5.3410
105.00 28.10 3.00 5.3150
105.05 28.10 3.00 5.3160
104.45 28.15 3.00 5.7000
104.50 28.15 3.00 5.6670
104.55 28.15 3.00 5.5530
104.60 28.15 3.00 5.4980
104.65 28.15 3.00 5.3340
104.70 28.15 3.00 5.2790
104.75 28.15 3.00 5.2190
104.80 28.15 3.00 5.4880
104.85 28.15 3.00 5.4340
104.90 28.15 3.00 5.3580
104.95 28.15 3.00 5.1990
105.00 28.15 3.00 5.2970
105.05 28.15 3.00 4.8490
105.10 28.15 3.00 5.3130
104.45 28.20 3.00 5.4970
104.50 28.20 3.00 5.4000
104.55 28.20 3.00 5.3360
104.60 28.20 3.00 5.1540
104.65 28.20 3.00 5.6010
104.70 28.20 3.00 5.5550
104.75 28.20 3.00 5.3280
104.80 28.20 3.00 5.6330
104.85 28.20 3.00 5.3560
104.90 28.20 3.00 5.3710
104.95 28.20 3.00 5.3940
105.00 28.20 3.00 5.6550
105.05 28.20 3.00 5.6650
105.10 28.20 3.00 5.5620
104.50 28.25 3.00 5.2690
104.55 28.25 3.00 5.5000
104.60 28.25 3.00 5.3900
104.65 28.25 3.00 5.4060
104.70 28.25 3.00 5.0800
104.75 28.25 3.00 5.1590
104.80 28.25 3.00 5.4280
104.85 28.25 3.00 5.1920
104.90 28.25 3.00 5.2450
104.95 28.25 3.00 5.3050
105.00 28.25 3.00 5.5910
105.05 28.25 3.00 5.8640
105.10 28.25 3.00 5.6740
104.50 28.30 3.00 5.3130
104.55 28.30 3.00 5.6130
104.60 28.30 3.00 5.5130
104.65 28.30 3.00 5.3150
104.70 28.30 3.00 5.3970
104.75 28.30 3.00 5.4490
104.80 28.30 3.00 5.3530
104.85 28.30 3.00 5.1310
104.90 28.30 3.00 5.3760
104.95 28.30 3.00 5.5200
105.00 28.30 3.00 5.3850
105.05 28.30 3.00 5.2930
105.10 28.30 3.00 5.5730
105.15 28.30 3.00 5.9700
104.55 28.35 3.00 5.2200
104.60 28.35 3.00 5.3820
104.65 28.35 3.00 5.6050
104.70 28.35 3.00 5.4210
104.75 28.35 3.00 5.2590
104.80 28.35 3.00 5.4010
104.85 28.35 3.00 5.5760
104.90 28.35 3.00 5.3870
104.95 28.35 3.00 5.3530
105.00 28.35 3.00 5.3580
105.05 28.35 3.00 5.7230
105.10 28.35 3.00 5.5540
105.15 28.35 3.00 5.6420
104.55 28.40 3.00 5.5900
104.60 28.40 3.00 5.7180
104.65 28.40 3.00 5.3030
104.70 28.40 3.00 5.6760
104.75 28.40 3.00 5.5680
104.80 28.40 3.00 5.4710
104.85 28.40 3.00 5.7860
104.90 28.40 3.00 4.9070
104.95 28.40 3.00 5.4830
105.00 28.40 3.00 5.4680
105.05 28.40 3.00 5.4750
105.10 28.40 3.00 5.2310
104.60 28.45 3.00 5.1090
104.65 28.45 3.00 5.6240
104.70 28.45 3.00 5.4910
104.75 28.45 3.00 5.7230
104.80 28.45 3.00 5.2200
104.85 28.45 3.00 5.2880
104.90 28.45 3.00 5.1790
104.95 28.45 3.00 5.3990
105.00 28.45 3.00 5.3110
105.05 28.45 3.00 5.0490
105.10 28.45 3.00 5.1520
104.60 28.50 3.00 5.2830
104.65 28.50 3.00 5.1390
104.70 28.50 3.00 5.7290
104.75 28.50 3.00 5.2850
104.80 28.50 3.00 5.4390
104.85 28.50 3.00 5.0820
104.90 28.50 3.00 5.2080
104.95 28.50 3.00 5.1440
105.00 28.50 3.00 5.0350
105.05 28.50 3.00 4.9120
104.60 28.55 3.00 5.0660
104.65 28.55 3.00 4.8140
104.70 28.55 3.00 5.0610
104.75 28.55 3.00 5.0950
104.80 28.55 3.00 5.2970
104.85 28.55 3.00 5.3130
104.90 28.55 3.00 5.2450
104.95 28.55 3.00 5.2170
105.00 28.55 3.00 5.1590
104.65 28.60 3.00 5.0480
104.70 28.60 3.00 4.9320
104.75 28.60 3.00 4.9790
104.80 28.60 3.00 5.1390
104.85 28.60 3.00 5.1360
104.90 28.60 3.00 5.0570
104.95 28.60 3.00 5.0510
104.55 27.85 4.50 5.7970
104.65 27.95 4.50 5.3650
104.80 27.95 4.50 5.8020
104.90 27.95 4.50 5.6480
104.65 28.00 4.50 5.4580
104.70 28.00 4.50 5.6200
104.75 28.00 4.50 5.7220
104.80 28.00 4.50 6.1230
104.85 28.00 4.50 5.7720
104.90 28.00 4.50 5.7890
104.95 28.00 4.50 5.6910
104.55 28.05 4.50 5.5910
104.60 28.05 4.50 5.7080
104.65 28.05 4.50 5.3900
104.70 28.05 4.50 5.5490
104.75 28.05 4.50 5.6070
104.80 28.05 4.50 5.6340
104.85 28.05 4.50 5.6910
104.90 28.05 4.50 5.5360
104.95 28.05 4.50 5.2210
105.00 28.05 4.50 5.5110
104.55 28.10 4.50 5.6640
104.60 28.10 4.50 5.5130
104.65 28.10 4.50 5.8210
104.70 28.10 4.50 5.5420
104.75 28.10 4.50 5.8750
104.80 28.10 4.50 5.5580
104.85 28.10 4.50 5.3720
104.90 28.10 4.50 5.5230
104.95 28.10 4.50 6.0340
105.00 28.10 4.50 5.2160
105.05 28.10 4.50 5.0310
104.50 28.15 4.50 5.5940
104.55 28.15 4.50 5.6020
104.60 28.15 4.50 5.5270
104.65 28.15 4.50 5.6270
104.70 28.15 4.50 5.5760
104.75 28.15 4.50 5.3800
104.80 28.15 4.50 5.5820
104.85 28.15 4.50 5.3060
104.90 28.15 4.50 5.2470
104.95 28.15 4.50 5.3780
105.00 28.15 4.50 5.3250
105.05 28.15 4.50 5.2020
104.50 28.20 4.50 5.6010
104.55 28.20 4.50 5.6170
104.60 28.20 4.50 5.7360
104.65 28.20 4.50 6.0040
104.70 28.20 4.50 5.7660
104.75 28.20 4.50 5.2770
104.80 28.20 4.50 5.7970
104.85 28.20 4.50 5.5890
104.90 28.20 4.50 5.4250
104.95 28.20 4.50 5.3040
105.00 28.20 4.50 5.4800
105.05 28.20 4.50 5.6530
105.10 28.20 4.50 5.6340
104.50 28.25 4.50 5.4630
104.55 28.25 4.50 5.5060
104.60 28.25 4.50 5.7300
104.65 28.25 4.50 5.7810
104.70 28.25 4.50 5.6570
104.75 28.25 4.50 5.4760
104.80 28.25 4.50 5.5880
104.85 28.25 4.50 5.6080
104.90 28.25 4.50 5.8470
104.95 28.25 4.50 5.7840
105.00 28.25 4.50 6.1020
105.05 28.25 4.50 5.6850
105.10 28.25 4.50 5.6300
104.55 28.30 4.50 5.4080
104.60 28.30 4.50 5.7420
104.65 28.30 4.50 5.5510
104.70 28.30 4.50 5.5130
104.75 28.30 4.50 5.5390
104.80 28.30 4.50 5.4390
104.85 28.30 4.50 5.4450
104.90 28.30 4.50 5.8120
104.95 28.30 4.50 5.6050
105.00 28.30 4.50 5.5600
105.05 28.30 4.50 5.8250
105.10 28.30 4.50 5.9270
105.15 28.30 4.50 6.0060
104.60 28.35 4.50 5.4540
104.65 28.35 4.50 5.4790
104.70 28.35 4.50 5.7960
104.75 28.35 4.50 5.5430
104.80 28.35 4.50 5.5560
104.85 28.35 4.50 5.8310
104.90 28.35 4.50 5.4370
104.95 28.35 4.50 5.6410
105.00 28.35 4.50 5.5840
105.05 28.35 4.50 5.9100
105.10 28.35 4.50 5.8420
105.15 28.35 4.50 5.5570
104.60 28.40 4.50 5.6930
104.65 28.40 4.50 5.9090
104.70 28.40 4.50 5.7260
104.75 28.40 4.50 5.2940
104.80 28.40 4.50 5.9010
104.85 28.40 4.50 5.3320
104.90 28.40 4.50 5.4910
104.95 28.40 4.50 5.6120
105.00 28.40 4.50 5.5370
105.05 28.40 4.50 5.3420
104.60 28.45 4.50 5.6420
104.65 28.45 4.50 5.8150
104.70 28.45 4.50 5.7330
104.75 28.45 4.50 5.5790
104.80 28.45 4.50 5.4220
104.85 28.45 4.50 5.3810
104.90 28.45 4.50 5.5130
104.95 28.45 4.50 5.3680
105.00 28.45 4.50 5.7180
105.05 28.45 4.50 5.4210
104.60 28.50 4.50 5.9580
104.65 28.50 4.50 6.2500
104.70 28.50 4.50 6.2030
104.75 28.50 4.50 5.5320
104.80 28.50 4.50 5.4250
104.85 28.50 4.50 5.6670
104.90 28.50 4.50 5.5790
104.95 28.50 4.50 5.3030
105.00 28.50 4.50 5.2860
105.05 28.50 4.50 5.3010
104.65 28.55 4.50 5.1470
104.70 28.55 4.50 5.1660
104.75 28.55 4.50 5.3610
104.80 28.55 4.50 5.5110
104.85 28.55 4.50 5.3480
104.90 28.55 4.50 5.1840
104.95 28.55 4.50 5.0640
104.65 28.00 6.00 5.4240
104.70 28.00 6.00 5.7400
104.80 28.00 6.00 5.8850
104.85 28.00 6.00 5.7950
104.90 28.00 6.00 5.6370
104.95 28.00 6.00 5.7010
104.65 28.05 6.00 5.7080
104.70 28.05 6.00 5.7590
104.75 28.05 6.00 5.9430
104.80 28.05 6.00 5.9400
104.85 28.05 6.00 6.0380
104.90 28.05 6.00 5.9010
104.95 28.05 6.00 5.8630
105.00 28.05 6.00 5.7370
104.55 28.10 6.00 5.7650
104.60 28.10 6.00 5.6600
104.65 28.10 6.00 5.7660
104.70 28.10 6.00 5.7990
104.75 28.10 6.00 5.9090
104.80 28.10 6.00 5.5640
104.85 28.10 6.00 5.4860
104.90 28.10 6.00 5.5430
104.95 28.10 6.00 5.7650
105.00 28.10 6.00 5.8400
105.05 28.10 6.00 5.4920
104.60 28.15 6.00 5.6970
104.65 28.15 6.00 5.7040
104.70 28.15 6.00 5.7260
104.75 28.15 6.00 5.3920
104.80 28.15 6.00 5.3390
104.85 28.15 6.00 5.4510
104.90 28.15 6.00 5.7960
104.95 28.15 6.00 5.6760
105.00 28.15 6.00 5.9120
105.05 28.15 6.00 5.6240
104.60 28.20 6.00 5.7560
104.65 28.20 6.00 5.6880
104.70 28.20 6.00 5.8440
104.75 28.20 6.00 5.8310
104.80 28.20 6.00 5.7950
104.85 28.20 6.00 5.5870
104.90 28.20 6.00 5.7540
104.95 28.20 6.00 5.5710
105.00 28.20 6.00 5.8620
105.05 28.20 6.00 5.7950
104.55 28.25 6.00 5.6240
104.60 28.25 6.00 5.7690
104.65 28.25 6.00 5.6090
104.70 28.25 6.00 5.8390
104.75 28.25 6.00 5.9390
104.80 28.25 6.00 5.6200
104.85 28.25 6.00 5.6800
104.90 28.25 6.00 5.6880
104.95 28.25 6.00 5.9290
105.00 28.25 6.00 6.3000
105.05 28.25 6.00 5.9380
104.60 28.30 6.00 5.6010
104.65 28.30 6.00 5.5220
104.70 28.30 6.00 5.6370
104.75 28.30 6.00 5.5580
104.80 28.30 6.00 5.7640
104.85 28.30 6.00 5.9460
104.90 28.30 6.00 5.6340
104.95 28.30 6.00 5.5660
105.00 28.30 6.00 5.8860
104.65 28.35 6.00 5.8930
104.70 28.35 6.00 5.8890
104.75 28.35 6.00 5.4520
104.80 28.35 6.00 5.4890
104.85 28.35 6.00 5.6690
104.90 28.35 6.00 5.6700
104.95 28.35 6.00 5.3560
105.00 28.35 6.00 5.8230
105.05 28.35 6.00 6.0200
104.65 28.40 6.00 5.9970
104.70 28.40 6.00 5.2600
104.75 28.40 6.00 5.3120
104.80 28.40 6.00 6.3240
104.85 28.40 6.00 5.1290
104.90 28.40 6.00 5.6240
104.95 28.40 6.00 5.5900
105.00 28.40 6.00 5.9140
105.05 28.40 6.00 5.8560
104.65 28.45 6.00 6.8770
104.70 28.45 6.00 6.4250
104.75 28.45 6.00 4.9580
104.80 28.45 6.00 5.7150
104.85 28.45 6.00 5.8920
104.90 28.45 6.00 5.7630
104.95 28.45 6.00 5.5930
105.00 28.45 6.00 5.6700
104.65 28.50 6.00 6.6240
104.70 28.50 6.00 6.4160
104.75 28.50 6.00 5.7960
104.80 28.50 6.00 5.6040
104.85 28.50 6.00 5.8590
104.90 28.50 6.00 5.5880
104.75 28.55 6.00 5.4810
